{
    "skeleton": [
        {
            "name": "root",
            "parent": "root",
            "initpos": [
                0.0,
                0.0,
                -0.0
            ],
            "initquaternion": [
                0.0,
                -3.090861255827804e-8,
                0.7071066498756409,
                0.70710688829422
            ],
            "initscale": [
                1.0,
                1.0,
                1.0
            ],
            "offmtx": [
                [
                    1.0,
                    0.0,
                    0.0,
                    0.0
                ],
                [
                    0.0,
                    1.0,
                    0.0,
                    0.0
                ],
                [
                    0.0,
                    0.0,
                    1.0,
                    0.0
                ]
            ]
        },
        {
            "name": "waist",
            "parent": "root",
            "initpos": [
                21.217575073242189,
                0.000006660546659986721,
                -1.2286340347889002e-11
            ],
            "initquaternion": [
                0.0018143043853342534,
                0.20790384709835053,
                0.008535836823284626,
                0.9781103730201721
            ],
            "initscale": [
                1.0,
                1.0,
                1.0
            ],
            "offmtx": [
                [
                    1.0,
                    0.0,
                    0.0,
                    0.0
                ],
                [
                    0.0,
                    1.0,
                    0.0,
                    0.0
                ],
                [
                    0.0,
                    0.0,
                    1.0,
                    0.0
                ]
            ]
        },
        {
            "name": "up",
            "parent": "waist",
            "initpos": [
                0.0,
                0.0,
                -0.0
            ],
            "initquaternion": [
                0.0000014300076145445929,
                1.8196615769738856e-8,
                0.0023044648114591839,
                0.9999973177909851
            ],
            "initscale": [
                1.0,
                1.0,
                1.0
            ],
            "offmtx": [
                [
                    1.0,
                    0.0,
                    0.0,
                    0.0
                ],
                [
                    0.0,
                    1.0,
                    0.0,
                    0.0
                ],
                [
                    0.0,
                    0.0,
                    1.0,
                    0.0
                ]
            ]
        },
        {
            "name": "spine",
            "parent": "up",
            "initpos": [
                -0.0544586181640625,
                0.0002509951591491699,
                -0.0
            ],
            "initquaternion": [
                0.061050381511449817,
                -0.04264720529317856,
                -0.021466873586177827,
                0.9969921112060547
            ],
            "initscale": [
                1.0,
                1.0,
                0.9999999403953552
            ],
            "offmtx": [
                [
                    3.1391647326017848e-7,
                    1.0,
                    0.0,
                    -12.055663108825684
                ],
                [
                    -1.0,
                    3.1391647326017848e-7,
                    -2.1259073434976018e-7,
                    -0.0000037848949432373048
                ],
                [
                    -2.1259074856061489e-7,
                    6.750155989720952e-14,
                    1.0,
                    -1.7331469592818395e-11
                ]
            ]
        },
        {
            "name": "head",
            "parent": "spine",
            "initpos": [
                12.113201141357422,
                0.000003814697265625,
                -0.0
            ],
            "initquaternion": [
                -0.032317765057086948,
                -0.09622117131948471,
                0.009500212967395783,
                0.9947898387908936
            ],
            "initscale": [
                0.9999999403953552,
                0.9999998807907105,
                1.0
            ],
            "offmtx": [
                [
                    3.1391647326017848e-7,
                    1.0,
                    0.0,
                    -24.168869018554689
                ],
                [
                    -1.0,
                    3.1391647326017848e-7,
                    -2.1259073434976018e-7,
                    -0.000007588416337966919
                ],
                [
                    -2.1259074856061489e-7,
                    6.750155989720952e-14,
                    1.0,
                    -3.395239644987669e-11
                ]
            ]
        },
        {
            "name": "r_arm",
            "parent": "spine",
            "initpos": [
                10.092721939086914,
                6.354538440704346,
                0.0000019073486328125
            ],
            "initquaternion": [
                -0.005179015453904867,
                -0.025270402431488038,
                0.9930607676506043,
                0.1147383376955986
            ],
            "initscale": [
                0.9999999403953552,
                0.9999999403953552,
                1.0
            ],
            "offmtx": [
                [
                    4.1075077206187418e-7,
                    -1.0,
                    0.0,
                    22.14838981628418
                ],
                [
                    1.0,
                    4.1075077206187418e-7,
                    0.000008708236236998346,
                    6.354525089263916
                ],
                [
                    -0.000008708236236998346,
                    -3.5775826745521044e-12,
                    1.0,
                    -0.000055893171520438048
                ]
            ]
        },
        {
            "name": "rightitem",
            "parent": "r_arm",
            "initpos": [
                8.669376373291016,
                -0.00000476837158203125,
                -9.5367431640625e-7
            ],
            "initquaternion": [
                0.0,
                0.0,
                0.0,
                1.0
            ],
            "initscale": [
                1.0,
                1.0,
                1.0
            ],
            "offmtx": [
                [
                    4.012774468264979e-7,
                    -1.0,
                    0.000007065133559081005,
                    13.479015350341797
                ],
                [
                    1.0,
                    4.012893271010398e-7,
                    0.0000017395550457877108,
                    6.354528903961182
                ],
                [
                    -0.0000017395578879586538,
                    0.000007065132649586303,
                    1.0,
                    -0.00010608136653900146
                ]
            ]
        },
        {
            "name": "l_arm",
            "parent": "spine",
            "initpos": [
                10.092723846435547,
                -6.32421875,
                -0.000002384185791015625
            ],
            "initquaternion": [
                -0.00380955939181149,
                0.15639863908290864,
                0.9825781583786011,
                -0.10032518208026886
            ],
            "initscale": [
                1.0,
                0.9999999403953552,
                1.0
            ],
            "offmtx": [
                [
                    4.1075077206187418e-7,
                    -1.0,
                    0.0,
                    22.148386001586915
                ],
                [
                    1.0,
                    4.1075077206187418e-7,
                    0.000008708236236998346,
                    -6.324229717254639
                ],
                [
                    -0.000008708236236998346,
                    -3.5775826745521044e-12,
                    1.0,
                    0.00005563573358813301
                ]
            ]
        },
        {
            "name": "l_wing01",
            "parent": "spine",
            "initpos": [
                9.803489685058594,
                -1.6788595914840699,
                2.6159133911132814
            ],
            "initquaternion": [
                -0.36133405566215517,
                0.1730225682258606,
                -0.4910739064216614,
                0.7735291123390198
            ],
            "initscale": [
                1.0,
                1.0,
                1.0
            ],
            "offmtx": [
                [
                    0.9790594577789307,
                    0.2035745531320572,
                    0.000004499673195823561,
                    -6.093685150146484
                ],
                [
                    -0.2035745531320572,
                    0.9790594577789307,
                    0.000003294583848401089,
                    -21.059646606445314
                ],
                [
                    -0.0000037347547277022388,
                    -0.000004141612407693174,
                    1.0,
                    -2.615817070007324
                ]
            ]
        },
        {
            "name": "l_wing02",
            "parent": "l_wing01",
            "initpos": [
                7.771038055419922,
                -9.5367431640625e-7,
                -0.0000019073486328125
            ],
            "initquaternion": [
                -0.3896424472332001,
                -0.14699526131153108,
                0.29764845967292788,
                0.8590556383132935
            ],
            "initscale": [
                1.0,
                1.0,
                0.9999999403953552
            ],
            "offmtx": [
                [
                    0.7403427362442017,
                    0.6722295880317688,
                    0.000005549112302105641,
                    -22.633533477783204
                ],
                [
                    -0.6722295880317688,
                    0.7403427362442017,
                    5.556007636187132e-7,
                    -11.111369132995606
                ],
                [
                    -0.0000037347535908338615,
                    -0.000004141612407693174,
                    1.0,
                    -2.615816831588745
                ]
            ]
        },
        {
            "name": "l_wing03",
            "parent": "l_wing02",
            "initpos": [
                6.198390960693359,
                0.00000762939453125,
                -0.00000762939453125
            ],
            "initquaternion": [
                -0.037958499044179919,
                -0.10534163564443588,
                -0.5670872330665588,
                0.8160112500190735
            ],
            "initscale": [
                1.0,
                1.0,
                0.9999999403953552
            ],
            "offmtx": [
                [
                    0.8778443336486816,
                    -0.4789462387561798,
                    0.0000012949234360348783,
                    1.0416356325149537
                ],
                [
                    0.4789462387561798,
                    0.8778443336486816,
                    0.000005424437404144555,
                    -30.88134765625
                ],
                [
                    -0.000003734754955075914,
                    -0.000004141612407693174,
                    1.0,
                    -2.6158108711242677
                ]
            ]
        },
        {
            "name": "l_wing04",
            "parent": "l_wing02",
            "initpos": [
                1.8145008087158204,
                -1.019765853881836,
                -0.0000095367431640625
            ],
            "initquaternion": [
                -0.005071104038506746,
                -0.0860259085893631,
                -0.7471761107444763,
                0.6590157151222229
            ],
            "initscale": [
                0.9999998807907105,
                0.9999999403953552,
                1.0
            ],
            "offmtx": [
                [
                    0.5806062817573547,
                    -0.8141846060752869,
                    7.979742235875165e-7,
                    12.89366626739502
                ],
                [
                    0.8141846060752869,
                    0.5806062817573547,
                    0.000005445425813377369,
                    -23.093292236328126
                ],
                [
                    -0.000004896890004602028,
                    -0.000002511950015104958,
                    1.0,
                    -2.615835428237915
                ]
            ]
        },
        {
            "name": "r_wing01",
            "parent": "spine",
            "initpos": [
                9.803489685058594,
                1.7759186029434205,
                2.6159133911132814
            ],
            "initquaternion": [
                0.4035787284374237,
                0.1823742836713791,
                0.5051795244216919,
                0.7407141923904419
            ],
            "initscale": [
                1.0000001192092896,
                1.0,
                0.9999999403953552
            ],
            "offmtx": [
                [
                    -0.9790593385696411,
                    0.20357456803321839,
                    0.0000045602332647831649,
                    -6.188706398010254
                ],
                [
                    -0.20357459783554078,
                    -0.9790594577789307,
                    -0.000003857977389998268,
                    21.039888381958009
                ],
                [
                    0.0000036793542221857935,
                    -0.000004705536866822513,
                    1.0,
                    -2.6158039569854738
                ]
            ]
        },
        {
            "name": "r_wing02",
            "parent": "r_wing01",
            "initpos": [
                7.771038055419922,
                -9.5367431640625e-7,
                -0.0
            ],
            "initquaternion": [
                0.2535932958126068,
                -0.20958054065704347,
                -0.2841953933238983,
                0.9005550742149353
            ],
            "initscale": [
                0.9999998211860657,
                1.0,
                1.0
            ],
            "offmtx": [
                [
                    -0.7403429746627808,
                    0.6722293496131897,
                    0.000005887184215680463,
                    -22.70538330078125
                ],
                [
                    -0.6722293496131897,
                    -0.7403430342674255,
                    -5.335039645615325e-7,
                    11.046133995056153
                ],
                [
                    0.000003999898126494372,
                    -0.000004352513769845245,
                    1.0,
                    -2.6158089637756349
                ]
            ]
        },
        {
            "name": "r_wing03",
            "parent": "r_wing02",
            "initpos": [
                1.814504623413086,
                1.019765853881836,
                -0.00000858306884765625
            ],
            "initquaternion": [
                0.038024455308914188,
                -0.034662891179323199,
                0.7387612462043762,
                0.6720004081726074
            ],
            "initscale": [
                1.0,
                0.9999999403953552,
                1.0
            ],
            "offmtx": [
                [
                    -0.5806065797805786,
                    -0.814184308052063,
                    3.6012716009281578e-7,
                    12.837310791015625
                ],
                [
                    0.8141842484474182,
                    -0.5806065201759338,
                    -0.000005871175744687207,
                    23.172313690185548
                ],
                [
                    0.000004989312401448842,
                    -0.000003115633717243327,
                    1.0,
                    -2.6158177852630617
                ]
            ]
        },
        {
            "name": "r_wing04",
            "parent": "r_wing02",
            "initpos": [
                6.198392868041992,
                -0.000011444091796875,
                -0.00000667572021484375
            ],
            "initquaternion": [
                0.020255055278539659,
                -0.027411766350269319,
                0.5620324015617371,
                0.8264126777648926
            ],
            "initscale": [
                0.9999999403953552,
                0.9999999403953552,
                0.9999999403953552
            ],
            "offmtx": [
                [
                    -0.8778445720672607,
                    -0.47894614934921267,
                    9.498328950030555e-7,
                    0.9564337730407715
                ],
                [
                    0.47894614934921267,
                    -0.8778445720672607,
                    -0.00000525972882314818,
                    30.927839279174806
                ],
                [
                    0.0000033529308893776035,
                    -0.000004162303866905859,
                    1.0,
                    -2.6158151626586916
                ]
            ]
        },
        {
            "name": "bone02",
            "parent": "up",
            "initpos": [
                2.0253849029541017,
                -0.009333580732345581,
                2.2967052459716799
            ],
            "initquaternion": [
                0.10240134596824646,
                -0.10451512038707733,
                0.9891924262046814,
                0.009432452730834484
            ],
            "initscale": [
                0.9999998807907105,
                0.9999999403953552,
                0.9999998807907105
            ],
            "offmtx": [
                [
                    -7.892379585427989e-7,
                    -0.9977459907531738,
                    0.06710624694824219,
                    13.949543952941895
                ],
                [
                    1.0,
                    -1.886439662257544e-7,
                    0.00000895623361429898,
                    -0.000023536384105682374
                ],
                [
                    -0.000008923385394155048,
                    0.06710624694824219,
                    0.9977459907531738,
                    -3.240109920501709
                ]
            ]
        },
        {
            "name": "bone01",
            "parent": "up",
            "initpos": [
                1.1830482482910157,
                -0.005459964275360107,
                -2.7896056175231935
            ],
            "initquaternion": [
                -0.06104830652475357,
                0.00014610234939027578,
                0.9981322288513184,
                0.0023003038950264456
            ],
            "initscale": [
                0.9999999403953552,
                1.0,
                0.9999999403953552
            ],
            "offmtx": [
                [
                    2.2213166062101664e-7,
                    -1.0,
                    0.0,
                    13.293184280395508
                ],
                [
                    1.0,
                    2.2213166062101664e-7,
                    0.000008499619980284479,
                    0.000020850449800491334
                ],
                [
                    -0.000008499619980284479,
                    -1.886490963443066e-12,
                    1.0,
                    2.789605140686035
                ]
            ]
        },
        {
            "name": "down",
            "parent": "waist",
            "initpos": [
                0.0,
                0.0,
                -0.0
            ],
            "initquaternion": [
                0.0,
                0.0,
                0.0,
                1.0
            ],
            "initscale": [
                1.0,
                1.0,
                1.0
            ],
            "offmtx": [
                [
                    1.0,
                    0.0,
                    0.0,
                    0.0
                ],
                [
                    0.0,
                    1.0,
                    0.0,
                    0.0
                ],
                [
                    0.0,
                    0.0,
                    1.0,
                    0.0
                ]
            ]
        },
        {
            "name": "l_leg",
            "parent": "down",
            "initpos": [
                -0.092529296875,
                -2.035489797592163,
                9.5367431640625e-7
            ],
            "initquaternion": [
                -0.05207941308617592,
                0.0101711330935359,
                0.9985579252243042,
                0.00815069954842329
            ],
            "initscale": [
                1.0,
                1.0,
                1.0
            ],
            "offmtx": [
                [
                    4.1075077206187418e-7,
                    -1.0,
                    0.0,
                    12.017593383789063
                ],
                [
                    1.0,
                    4.1075077206187418e-7,
                    0.000008499619980284479,
                    -2.035494565963745
                ],
                [
                    -0.000008499619980284479,
                    -3.4923175462608924e-12,
                    1.0,
                    0.000017292823031311856
                ]
            ]
        },
        {
            "name": "r_leg",
            "parent": "down",
            "initpos": [
                -0.09253120422363281,
                1.9688154458999634,
                -0.0
            ],
            "initquaternion": [
                0.1147424504160881,
                -0.11563939601182938,
                0.9864534139633179,
                0.019272418692708017
            ],
            "initscale": [
                0.9999999403953552,
                1.0,
                0.9999999403953552
            ],
            "offmtx": [
                [
                    4.1075077206187418e-7,
                    -1.0,
                    0.0,
                    12.017594337463379
                ],
                [
                    1.0,
                    4.1075077206187418e-7,
                    0.000008499619980284479,
                    1.9688104391098023
                ],
                [
                    -0.000008499619980284479,
                    -3.4923175462608924e-12,
                    1.0,
                    -0.00001672633152338676
                ]
            ]
        }
    ],
    "boundingbox": [
        [
            -31.03265380859375,
            0.01762779802083969,
            -13.965119361877442
        ],
        [
            31.03265380859375,
            33.65078353881836,
            4.2400007247924809
        ]
    ]
}